 0.00046282
-0.0006411852
0.0004849586
-0.0006293994
0.0005886174
-0.0001227784
0.0002031119
-1.525053E-05
-0.0004440529
0.0004155102
0.0001651099
-1.885391E-05
-0.0005822759
0.0001003097
0.0001299588
-0.001195809
-0.002397826
0.002295745
-0.003344954
0.001511115
0.0005040137
0.003196918
-0.0004430252
0.001955984
-0.003936242
0.003165614
-0.001852753
0.001509764
-0.0005611265
0.004104975
0.0004882159
-0.0008131825
0.0001648245
-0.000805664
-0.000217905
-0.002753204
0.001068934
0.0007982325
-6.425583E-05
0.0003299313
0.0005303875
0.001417062
-0.001925799
0.000113038
0.001538365
0.001319132
0.0003787064
0.001173071
0.0006672009
0.0008784981
-0.0007572306
0.0002008136
2.877457E-05
-6.437439E-05
5.173177E-05
0.001981507
-0.000654563
0.003749123
-0.001907989
-0.000235222
0.003886637
-0.0001034419
-0.0009152462
0.00283452
0.002656328
0.0008556503
-0.0009973358
0.001233757
0.0005874368
0.004456649
-0.002945112
0.002960351
-4.939932E-05
0.001048128
-0.001366187
-0.0005213413
0.0007221734
0.001647593
-0.0008188425
0.0001092814
0.001260734
0.001767277
-0.002092779
0.001658338
0.0006283564
0.001909555
-0.0007247408
0.0004086041
0.0009095573
0.001825302
-0.002199809
-6.79427E-05
0.002061365
0.001962254
-0.00115491
-6.287054E-06
0.0009540516
0.001642565
-0.002058671
0.00119775
0.0004503579
-0.0002535142
-0.0004538639
0.0003125239
0.0004293111
-0.0002809442
0.0001770856
-0.002064816
-0.002981619
0.003017196
0.0005980196
0.002045408
0.0006758317
-0.0005803857
0.0009132915
0.0006891334
0.0006165592
0.0008027858
-0.001691566
0.00147537
1.815905E-05
0.004376497
-0.002775673
0.001513508
0.001929575
0.001340217
-0.004860452
0.002628088
-8.305204E-05
-3.991387E-06
-0.000382834
7.896686E-05
5.071389E-05
-0.0001532045
-0.0003450367
-0.0003380155
0.0009135152
-0.0003698694
-0.00051625
0.0002381536
-3.44207E-05
0.00026011
-0.0004447282
0.0004409001
6.993747E-05
-0.0001062434
-0.0006324928
-0.0002712152
1.415997E-05
0.0009356576
-0.0006864464
0.0007076165
0.0001673447
0.0012326
-0.0004756793
0.000950144
-0.0004216626
-0.0005684021
0.0003554951
0.0004063953
0.0002114931
0.0002248247
0.000437836
-0.001619467
0.003476415
0.001289652
0.004336535
0.0005302343
0.001728692
0.001759724
-0.0002640427
0.002866181
-0.001023634
0.001064026
0.001735499
0.004119583
-7.928831E-05
0.0003542147
0.002270657
0.001122598
0.003703053
-0.0003236971
0.001185771
0.002653834
-0.001096085
0.003331629
-0.001100186
0.001807329
0.000682516
0.0007522113
0.0002325961
-0.0006345977
-0.0002234486
0.0017027
0.002533696
-0.002123571
0.002418096
-7.878622E-05
0.0002787973
0.001728078
-0.001995475
0.0009081198
-0.001243248
0.001598626
-0.0001926733
0.0006769696
0.001148655
0.001113849
0.001706077
0.001263937
-0.001671941
0.002342736
0.0007116859
0.001621086
0.001448864
0.0007558845
-0.001241809
0.001805125
0.0001842036
0.0009832865
0.0009451192
-0.001111543
-0.0001741669
0.0008146832
-0.0008358517
-0.0006218151
0.0004538944
0.0003885333
-0.0003431183
0.0003030285
-0.0003123595
2.885435E-05
7.463171E-05
-0.0001095544
-0.0001570959
5.774495E-06
-7.492634E-06
9.988408E-06
1.410438E-05
2.540271E-05
1.062489E-05
-2.7333E-08
